4,47
0,8,10|0,1,1,0,0,1,1,0|0,1,1,1,1,1,1,1|1,1,1,1,0,0,1,1|1,1,0,0,1,1,0,1|1,1,0,0,1,1,0,1|1,1,0,0,1,1,0,1|1,1,0,0,1,1,0,1|1,1,1,1,0,0,1,1|0,1,1,1,1,1,1,1|0,1,1,0,0,1,1,0|
0,8,10|0,1,1,0,0,1,1,0|1,1,1,1,1,1,1,0|1,1,0,0,1,1,1,1|1,0,1,1,0,0,1,1|1,0,1,1,0,0,1,1|1,0,1,1,0,0,1,1|1,0,1,1,0,0,1,1|1,1,0,0,1,1,1,1|1,1,1,1,1,1,1,0|0,1,1,0,0,1,1,0|
0,8,10|0,1,1,0,0,0,0,0|0,1,1,1,1,1,1,1|1,1,1,1,0,0,1,1|1,1,0,0,1,1,0,1|1,1,0,0,1,1,0,1|1,1,0,0,1,1,0,1|1,1,0,0,1,1,0,1|1,1,1,1,0,0,1,1|0,1,1,1,1,1,1,1|0,1,1,0,0,0,0,0|
0,8,10|0,0,0,0,0,1,1,0|1,1,1,1,1,1,1,0|1,1,0,0,1,1,1,1|1,0,1,1,0,0,1,1|1,0,1,1,0,0,1,1|1,0,1,1,0,0,1,1|1,0,1,1,0,0,1,1|1,1,0,0,1,1,1,1|1,1,1,1,1,1,1,0|0,0,0,0,0,1,1,0|
0,8,10|0,1,1,0,0,1,1,0|1,1,1,1,1,1,1,0|1,1,0,0,1,1,1,1|1,0,1,1,0,0,1,1|1,0,1,1,0,0,1,1|1,0,1,1,0,0,1,1|1,0,1,1,0,0,1,1|1,1,0,0,1,1,1,1|1,1,1,1,1,1,1,0|0,1,1,0,0,0,0,0|
0,8,10|0,1,1,0,0,1,1,0|1,1,1,1,1,1,1,0|1,1,0,0,1,1,1,1|1,1,1,1,0,0,1,1|1,0,1,1,0,0,1,1|1,0,1,1,0,0,1,1|1,0,1,1,0,0,1,1|1,1,0,0,1,1,1,1|1,1,1,1,1,1,1,0|0,1,1,0,0,1,1,0|
0,7,10|0,1,1,0,0,0,0|0,1,1,1,1,1,1|1,1,1,1,0,0,1|1,1,0,0,1,1,0|1,1,0,0,1,1,0|1,1,0,0,1,1,0|1,1,0,0,1,1,0|1,1,1,1,0,0,1|0,1,1,1,1,1,1|0,1,1,0,0,0,0|
0,7,10|1,1,0,0,1,1,0|1,1,1,1,1,1,1|1,1,1,0,0,1,1|1,0,0,1,1,0,1|1,0,0,1,1,0,1|1,0,0,1,1,0,1|1,0,0,1,1,0,1|1,1,1,0,0,1,1|1,1,1,1,1,1,1|1,1,0,0,1,1,0|
0,8,8|1,1,1,1,1,1,1,0|1,1,0,0,1,1,1,1|1,0,1,1,0,0,1,1|1,0,1,1,0,0,1,1|1,0,1,1,0,0,1,1|1,0,1,1,0,0,1,1|1,1,0,0,1,1,1,1|1,1,1,1,1,1,1,0|
0,8,8|0,1,1,1,1,1,1,1|1,1,1,1,0,0,1,1|1,1,0,0,1,1,0,1|1,1,0,0,1,1,0,1|1,1,0,0,1,1,0,1|1,1,0,0,1,1,0,1|1,1,1,1,0,0,1,1|0,1,1,1,1,1,1,1|
0,7,9|1,1,1,1,1,1,0|1,0,0,1,1,1,1|0,1,1,0,0,1,1|0,1,1,0,0,1,1|0,1,1,0,0,1,1|0,1,1,0,0,1,1|1,0,0,1,1,1,1|1,1,1,1,1,1,0|1,1,0,0,1,1,0|
0,6,10|0,1,1,0,0,0|1,1,1,1,1,1|1,1,0,0,1,1|1,0,1,1,0,0|1,0,1,1,0,0|1,0,1,1,0,0|1,0,1,1,0,0|1,1,0,0,1,1|1,1,1,1,1,1|0,1,1,0,0,0|
0,6,10|0,1,1,0,0,1|1,1,1,1,1,1|1,1,0,0,1,1|1,0,1,1,0,0|1,0,1,1,0,0|1,0,1,1,0,0|1,0,1,1,0,0|1,1,0,0,1,1|1,1,1,1,1,1|0,1,1,0,0,0|
0,6,10|0,0,0,0,0,1|0,1,1,1,1,1|1,1,1,1,0,0|1,1,0,0,1,1|1,1,0,0,1,1|1,1,0,0,1,1|1,1,0,0,1,1|1,1,1,1,0,0|0,1,1,1,1,1|0,0,0,0,0,1|
0,6,10|1,0,0,0,0,0|1,1,1,1,1,0|0,0,1,1,1,1|1,1,0,0,1,1|1,1,0,0,1,1|1,1,0,0,1,1|1,1,0,0,1,1|0,0,1,1,1,1|1,1,1,1,1,0|1,0,0,0,0,0|
0,6,10|0,0,0,0,0,1|0,1,1,1,1,1|1,1,1,1,0,0|1,1,0,0,1,1|1,1,0,0,1,1|1,1,0,0,1,1|1,1,0,0,1,1|1,1,1,1,0,0|0,1,1,1,1,1|0,1,1,0,0,1|
0,6,10|1,0,0,1,1,0|1,1,1,1,1,0|0,0,1,1,1,1|1,1,0,0,1,1|1,1,0,0,1,1|1,1,0,0,1,1|1,1,0,0,1,1|0,0,1,1,1,1|1,1,1,1,1,0|1,0,0,1,1,0|
0,6,10|0,1,1,0,0,1|1,1,1,1,1,1|1,1,0,0,1,1|1,0,1,1,0,0|1,0,1,1,0,0|1,0,1,1,0,0|1,0,1,1,0,0|1,1,0,0,1,1|1,1,1,1,1,1|0,1,1,0,0,1|
0,6,10|0,0,0,1,1,0|1,1,1,1,1,0|0,0,1,1,1,1|1,1,0,0,1,1|1,1,0,0,1,1|1,1,0,0,1,1|1,1,0,0,1,1|0,0,1,1,1,1|1,1,1,1,1,0|0,0,0,1,1,0|
3,7,8|0,0,0,0,0,1,0|0,0,0,0,0,1,1|0,0,0,0,1,1,0|1,0,1,1,1,0,0|1,1,1,1,1,0,0|0,1,1,1,1,0,0|0,1,1,0,0,0,0|0,0,1,1,0,0,0|
2,7,8|0,0,0,0,0,1,0|0,0,0,0,0,1,1|0,0,0,0,1,1,0|1,0,1,1,1,0,0|1,1,1,1,1,0,0|0,1,1,1,1,0,0|0,0,0,0,0,0,0|0,0,1,1,0,0,0|
3,7,8|0,0,0,0,0,1,0|0,0,0,0,0,1,1|0,0,0,0,1,1,0|1,0,1,1,1,0,0|0,1,1,1,1,0,0|0,1,1,1,1,0,0|0,0,1,0,0,0,0|0,0,1,1,0,0,0|
0,7,8|1,1,1,1,1,1,1|1,1,0,0,1,1,1|1,0,1,1,0,0,1|1,0,1,1,0,0,1|1,0,1,1,0,0,1|1,0,1,1,0,0,1|1,1,0,0,1,1,1|1,1,1,1,1,1,1|
0,7,8|1,1,1,1,1,1,0|1,0,0,1,1,1,1|0,1,1,0,0,1,1|0,1,1,0,0,1,1|0,1,1,0,0,1,1|0,1,1,0,0,1,1|1,0,0,1,1,1,1|1,1,1,1,1,1,0|
0,6,9|0,1,1,0,0,1|0,1,1,1,1,1|1,1,1,1,0,0|1,1,0,0,1,1|1,1,0,0,1,1|1,1,0,0,1,1|1,1,0,0,1,1|1,1,1,1,0,0|0,1,1,1,1,1|
0,6,9|0,0,0,0,0,1|0,1,1,1,1,1|1,1,1,1,0,0|1,1,0,0,1,1|1,1,0,0,1,1|1,1,0,0,1,1|1,1,0,0,1,1|1,1,1,1,0,0|0,1,1,1,1,1|
0,6,9|1,0,0,0,0,0|1,1,1,1,1,0|0,0,1,1,1,1|1,1,0,0,1,1|1,1,0,0,1,1|1,1,0,0,1,1|1,1,0,0,1,1|0,0,1,1,1,1|1,1,1,1,1,0|
0,6,9|0,0,0,1,1,0|1,1,1,1,1,0|0,0,1,1,1,1|1,1,0,0,1,1|1,1,0,0,1,1|1,1,0,0,1,1|1,1,0,0,1,1|0,0,1,1,1,1|1,1,1,1,1,0|
0,5,10|0,0,1,1,0|1,1,1,1,1|1,0,0,1,1|0,1,1,0,1|0,1,1,0,1|0,1,1,0,1|0,1,1,0,1|1,0,0,1,1|1,1,1,1,1|0,0,1,1,0|
3,6,8|0,0,0,0,1,0|0,0,0,0,1,1|0,0,0,1,1,0|0,1,1,1,0,0|1,1,1,1,0,0|0,1,1,1,0,0|0,1,0,0,0,0|0,1,1,0,0,0|
2,6,8|0,0,0,0,1,0|0,0,0,0,1,1|0,0,0,1,1,0|1,0,1,1,1,0|1,1,1,1,1,0|0,1,1,1,1,0|0,0,1,1,0,0|0,0,0,1,1,0|
3,6,8|0,0,0,0,1,0|0,0,0,0,1,1|0,0,0,1,1,0|0,1,1,1,0,0|1,1,1,1,0,0|1,1,1,1,0,0|1,1,0,0,0,0|0,1,1,0,0,0|
2,6,8|0,1,0,0,0,0|0,0,0,0,1,0|0,0,0,0,1,1|0,0,0,1,1,0|1,0,0,1,1,0|0,1,1,1,1,0|0,0,1,1,0,0|0,1,1,0,0,0|
2,6,8|0,0,0,1,1,0|0,0,0,0,1,1|0,0,0,1,1,0|1,0,1,1,1,0|1,1,1,1,1,0|0,1,1,1,1,0|0,0,1,1,0,0|0,0,0,1,1,0|
3,6,8|0,0,0,0,0,1|0,0,0,0,0,1|0,0,0,0,1,1|1,0,1,1,1,0|1,1,1,1,1,0|0,1,1,1,1,0|0,1,1,0,0,0|0,0,1,1,0,0|
0,5,9|1,1,1,1,0|0,1,1,1,1|1,0,0,1,1|1,0,0,1,1|1,0,0,1,1|1,0,0,1,1|0,1,1,1,1|1,1,1,1,0|0,0,1,1,0|
2,6,7|0,0,0,0,1,0|0,0,0,0,1,1|0,0,0,1,1,0|1,0,1,1,1,0|1,1,1,1,1,0|0,1,1,1,1,0|0,0,1,1,0,0|
2,6,7|0,0,0,0,1,0|0,0,0,0,1,1|0,0,0,1,1,0|1,0,0,1,1,0|0,1,1,1,1,0|0,0,1,1,0,0|0,1,1,0,0,0|
2,6,7|0,0,0,0,1,1|0,0,0,1,1,0|1,0,1,1,1,0|1,1,1,1,1,0|0,1,1,1,1,0|0,0,1,1,0,0|0,0,0,1,1,0|
2,6,7|0,0,0,0,0,1|0,0,0,1,1,0|1,0,1,1,1,0|1,1,1,1,1,0|0,1,1,1,1,0|0,0,1,1,0,0|0,0,0,1,1,0|
0,5,8|1,1,1,1,0|0,1,1,1,1|1,0,0,1,1|1,0,0,1,1|1,0,0,1,1|1,0,0,1,1|0,1,1,1,1|1,1,1,1,0|
0,5,8|0,1,1,1,1|1,1,1,1,0|1,1,0,0,1|1,1,0,0,1|1,1,0,0,1|1,1,0,0,1|1,1,1,1,0|0,1,1,1,1|
2,5,8|0,0,0,0,1|0,0,0,0,1|0,0,0,1,1|1,0,1,1,1|1,1,1,1,1|0,1,1,1,1|0,0,1,1,0|0,0,0,1,1|
2,5,8|0,0,0,1,0|0,0,0,1,1|0,0,1,1,0|0,1,1,1,0|1,1,1,1,0|1,1,1,1,0|0,1,1,0,0|0,0,1,1,0|
2,5,7|0,0,0,0,1|0,0,0,1,1|1,0,1,1,1|1,1,1,1,1|0,1,1,1,1|0,0,1,1,0|0,0,0,1,1|
2,5,6|0,0,0,1,1|1,0,1,1,1|1,1,1,1,1|0,1,1,1,1|0,0,1,1,0|0,0,0,1,1|
1,2,1|1,1|
